 2.371E+02
 2.241E+02
 2.253E+02
 2.260E+02
 2.273E+02
 2.280E+02
 2.294E+02
 2.302E+02
 2.316E+02
 2.325E+02
 2.339E+02
 2.349E+02
 2.364E+02
 2.374E+02
 2.390E+02
 2.401E+02
 2.417E+02
 2.429E+02
 2.446E+02
 2.458E+02
 2.476E+02
 2.489E+02
 2.507E+02
 2.521E+02
 2.539E+02
 2.554E+02
 2.573E+02
 2.589E+02
 2.608E+02
 2.624E+02
 2.645E+02
 2.662E+02
 2.683E+02
 2.701E+02
 2.723E+02
 2.741E+02
 2.764E+02
 2.784E+02
 2.807E+02
 2.828E+02
 2.853E+02
 2.875E+02
 2.900E+02
 2.924E+02
 2.951E+02
 2.975E+02
 3.004E+02
 3.030E+02
 3.060E+02
 3.088E+02
 3.120E+02
 3.150E+02
 3.183E+02
 3.216E+02
 3.252E+02
 3.287E+02
 3.325E+02
 3.363E+02
 3.404E+02
 3.445E+02
 3.489E+02
 3.533E+02
 3.580E+02
 3.628E+02
 3.678E+02
 3.729E+02
 3.783E+02
 3.837E+02
 3.894E+02
 3.951E+02
 4.011E+02
 4.071E+02
 4.133E+02
 4.194E+02
 4.258E+02
 4.321E+02
 4.385E+02
 4.447E+02
 4.510E+02
 4.570E+02
 4.630E+02
 4.687E+02
 4.743E+02
 4.794E+02
 4.843E+02
 4.887E+02
 4.929E+02
 4.965E+02
 4.999E+02
 5.027E+02
 5.054E+02
 5.075E+02
 5.096E+02
 5.112E+02
 5.129E+02
 5.142E+02
 5.158E+02
 5.170E+02
 5.187E+02
 5.198E+02
 5.218E+02
