2.370999999999999943e+02
2.240999999999999943e+02
2.253000000000000114e+02
2.260000000000000000e+02
2.273000000000000114e+02
2.280000000000000000e+02
2.294000000000000057e+02
2.301999999999999886e+02
2.315999999999999943e+02
2.325000000000000000e+02
2.339000000000000057e+02
2.349000000000000057e+02
2.364000000000000057e+02
2.374000000000000057e+02
2.390000000000000000e+02
2.400999999999999943e+02
2.416999999999999886e+02
2.429000000000000057e+02
2.445999999999999943e+02
2.458000000000000114e+02
2.475999999999999943e+02
2.489000000000000057e+02
2.506999999999999886e+02
2.520999999999999943e+02
2.539000000000000057e+02
2.554000000000000057e+02
2.573000000000000114e+02
2.588999999999999773e+02
2.608000000000000114e+02
2.623999999999999773e+02
2.645000000000000000e+02
2.661999999999999886e+02
2.683000000000000114e+02
2.701000000000000227e+02
2.723000000000000114e+02
2.741000000000000227e+02
2.763999999999999773e+02
2.783999999999999773e+02
2.806999999999999886e+02
2.828000000000000114e+02
2.853000000000000114e+02
2.875000000000000000e+02
2.900000000000000000e+02
2.923999999999999773e+02
2.951000000000000227e+02
2.975000000000000000e+02
3.003999999999999773e+02
3.030000000000000000e+02
3.060000000000000000e+02
3.088000000000000114e+02
3.120000000000000000e+02
3.150000000000000000e+02
3.183000000000000114e+02
3.216000000000000227e+02
3.251999999999999886e+02
3.286999999999999886e+02
3.325000000000000000e+02
3.363000000000000114e+02
3.403999999999999773e+02
3.445000000000000000e+02
3.488999999999999773e+02
3.533000000000000114e+02
3.580000000000000000e+02
3.628000000000000114e+02
3.678000000000000114e+02
3.728999999999999773e+02
3.783000000000000114e+02
3.836999999999999886e+02
3.893999999999999773e+02
3.951000000000000227e+02
4.011000000000000227e+02
4.071000000000000227e+02
4.133000000000000114e+02
4.193999999999999773e+02
4.258000000000000114e+02
4.321000000000000227e+02
4.385000000000000000e+02
4.446999999999999886e+02
4.510000000000000000e+02
4.570000000000000000e+02
4.630000000000000000e+02
4.686999999999999886e+02
4.743000000000000114e+02
4.793999999999999773e+02
4.843000000000000114e+02
4.886999999999999886e+02
4.928999999999999773e+02
4.965000000000000000e+02
4.998999999999999773e+02
5.026999999999999886e+02
5.053999999999999773e+02
5.075000000000000000e+02
5.096000000000000227e+02
5.111999999999999886e+02
5.128999999999999773e+02
5.142000000000000455e+02
5.157999999999999545e+02
5.170000000000000000e+02
5.187000000000000455e+02
5.197999999999999545e+02
5.217999999999999545e+02
