1.000000000000000000e+01
1.591836734693877631e+01
2.183673469387755262e+01
2.775510204081632537e+01
3.367346938775510523e+01
3.959183673469387799e+01
4.551020408163265074e+01
5.142857142857143060e+01
5.734693877551020336e+01
6.326530612244897611e+01
6.918367346938775597e+01
7.510204081632653583e+01
8.102040816326530148e+01
8.693877551020408134e+01
9.285714285714286120e+01
9.877551020408162685e+01
1.046938775510204067e+02
1.106122448979591866e+02
1.165306122448979522e+02
1.224489795918367321e+02
1.283673469387755119e+02
1.342857142857142776e+02
1.402040816326530717e+02
