1.000000000000000000e+01
1.591836734693877631e+01
2.183673469387755262e+01
2.775510204081632537e+01
3.367346938775510523e+01
3.959183673469387799e+01
4.551020408163265074e+01
5.142857142857143060e+01
5.734693877551020336e+01
6.326530612244897611e+01
6.918367346938775597e+01
7.510204081632653583e+01
8.102040816326530148e+01
8.693877551020408134e+01
9.285714285714286120e+01
9.877551020408162685e+01
1.046938775510204067e+02
1.106122448979591866e+02
1.165306122448979522e+02
1.224489795918367321e+02
1.283673469387755119e+02
1.342857142857142776e+02
1.402040816326530717e+02
1.461224489795918373e+02
1.520408163265306030e+02
1.579591836734693970e+02
1.638775510204081627e+02
1.697959183673469283e+02
1.757142857142857224e+02
1.816326530612244881e+02
1.875510204081632537e+02
1.934693877551020478e+02
1.993877551020408134e+02
2.053061224489795791e+02
2.112244897959183731e+02
2.171428571428571388e+02
2.230612244897959044e+02
2.289795918367346985e+02
2.348979591836734642e+02
2.408163265306122298e+02
2.467346938775510239e+02
2.526530612244897895e+02
2.585714285714285552e+02
2.644897959183673493e+02
2.704081632653061433e+02
2.763265306122448806e+02
2.822448979591836746e+02
2.881632653061224687e+02
2.940816326530612059e+02
3.000000000000000000e+02
